+----+---------+
|year|yearlymin|
+----+---------+
|1990|    -35.0|
|1952|    -35.5|
|1974|    -35.6|
|1954|    -36.0|
|1992|    -36.1|
|1975|    -37.0|
|1972|    -37.5|
|2000|    -37.6|
|1995|    -37.6|
|1957|    -37.8|
|1989|    -38.2|
|1983|    -38.2|
|1953|    -38.4|
|2009|    -38.5|
|1993|    -39.0|
|1984|    -39.2|
|1973|    -39.3|
|2008|    -39.3|
|1991|    -39.3|
|2005|    -39.4|
+----+---------+



+----+---------+
|year|yearlymax|
+----+---------+
|1975|     36.1|
|1992|     35.4|
|1994|     34.7|
|2014|     34.4|
|2010|     34.4|
|1989|     33.9|
|1982|     33.8|
|1968|     33.7|
|1966|     33.5|
|1983|     33.3|
|2002|     33.3|
|1986|     33.2|
|1970|     33.2|
|2000|     33.0|
|1956|     33.0|
|1959|     32.8|
|2006|     32.7|
|1991|     32.7|
|1988|     32.6|
|2011|     32.5|
+----+---------+
