+----+-----+-----------------------+
|year|month|avgMonthlyPrecipitation|
+----+-----+-----------------------+
|2016|    7|                    0.0|
|2016|    6|                    0.1|
|2016|    5|                    0.0|
|2016|    4|                    0.0|
|2016|    3|                    0.0|
|2016|    2|                    0.0|
|2016|    1|                    0.0|
|2015|   12|                    0.0|
|2015|   11|                    0.1|
|2015|   10|                    0.0|
|2015|    9|                    0.1|
|2015|    8|                    0.0|
|2015|    7|                    0.2|
|2015|    6|                    0.1|
|2015|    5|                    0.1|
|2015|    4|                    0.0|
|2015|    3|                    0.1|
|2015|    2|                    0.0|
|2015|    1|                    0.1|
|2014|   12|                    0.1|
+----+-----+-----------------------+